Time: 0
Filename: tests/50
Iterations: 10
Max load: 1.8
Approximate maximum density: 1.66667


Time: 0
Filename: tests/50
Iterations: 10
Max load: 1.8
Approximate maximum density: 1.66667


Time: 0
Filename: tests/50
Iterations: 10
Max load: 1.8
Approximate maximum density: 1.66667


38
9537
9547
9556
9544
9522
9542
9484
9480
9253
9475
9248
9476
9486
9529
9531
9555
9554
9485
9473
9501
9474
9497
9249
9471
9470
9498
9472
9500
9499
9551
9530
9538
9532
9540
9543
9535
9534
9533
6
172434
172420
172436
172435
184013
172433
1911
33829
33798
33757
10623
6577
34396
33574
34366
410
33628
34179
11472
33541
34547
9812
6077
381
253
33980
34023
27537
33642
33579
57743
34544
34087
31024
9969
33789
11193
6850
33557
16987
31039
16650
33547
18580
34124
33501
26183
1097
34537
33939
25814
33990
34038
33902
349
767
58917
14416
12612
33866
34579
13640
6678
34005
34531
1544
34444
19993
322
33984
34737
6098
40
24557
409
57566
5849
19803
6093
33915
33895
33622
15848
19010
6250
607
34573
34422
19834
342
34033
5894
5865
9579
5852
34560
19581
34323
33997
33959
25837
1748
34578
33776
34615
34335
16550
19874
17770
11762
5881
34465
346
9799
34652
817
12048
448
33467
428
19320
34416
10567
25977
579
33797
16894
31
5882
33497
11998
19555
3116
34712
18006
3037
34645
11255
56362
11188
5791
34331
17538
69
11286
34759
34719
33808
56355
29567
972
33835
32367
34300
12223
33585
25906
760
5853
25888
25872
5885
5789
37868
21102
33716
18588
5827
34620
33438
19840
33625
5842
256
1030
795
11281
5810
56366
41351
34497
6118
5793
11280
34294
3987
34962
979
6180
784
25948
1538
750
34672
3083
533
11200
2989
950
5822
3214
25951
11267
34270
34131
33537
5834
6144
21630
1776
1774
4171
5968
15898
677
5977
25821
33941
24605
34506
26191
880
420
33492
5888
5784
605
3433
34674
34150
33514
5817
1990
34741
662
25861
6103
3209
34567
5928
5851
606
430
33684
34361
609
25894
5914
845
57695
26190
14176
34113
32538
1773
34380
34062
19591
34707
1002
27699
33696
5938
82912
33918
33600
31578
56837
33487
5992
11283
4260
5941
5944
5832
1073
1777
32443
5905
33773
34293
15887
3179
25978
33511
5811
5824
33734
34122
34057
33463
1938
33846
34151
5792
5897
1487
33820
34522
56844
5872
33700
3090
33952
1827
2508
3503
5796
12535
33733
33963
33552
33961
33853
34269
33366
18661
5795
33746
34289
33707
34260
33979
34183
33949
34092
35293
2892
33569
37307
5896
33839
933
3
1781
33466
426
5800
58568
34028
25899
33436
33770
57830
26170
1295
1737
568
570
34266
33695
5850
33867
34891
30757
34607
26172
56520
5948
5961
3449
34836
5947
5939
34613
5962
11328
41198
16951
34337
10625
33714
621
83078
659
33543
33936
1688
33687
34451
34760
5978
34283
33451
33581
57723
19452
57633
34103
41347
5899
39201
33688
58624
34460
56855
42850
33971
58646
1852
5991
34412
57123
25950
34271
1930
11276
34090
3208
34545
41609
34037
56375
34262
34493
37826
33890
18061
580
34391
58857
34352
34443
33763
34695
18336
90091
5808
34498
763
33837
41567
1227
56504
3412
33478
487
2398
2886
16656
34993
43547
6783
154981
43966
3889
44148
30640
56526
45923
43943
94301
32333
42651
13493
45946
6766
43949
43135
44303
13483
45699
13455
44585
101118
32326
170
45937
43942
43122
6509
43119
32334
6726
6641
153975
45511
154027
44147
6785
154627
43940
41257
126116
43891
43156
96175
13491
43059
32329
6768
6746
6267
6601
13510
6468
6351
43145
32322
6824
41612
33615
6396
43109
125828
6256
6445
3392
6304
43889
44012
13469
43352
6393
126027
6275
6457
43527
125457
6772
6519
3885
96161
41258
34546
6773
32192
125737
56463
6260
13320
42692
43895
96132
43090
125701
3877
43061
155925
42766
43533
126129
43892
44087
43097
6688
6455
43549
47161
6328
399
96092
13422
43950
125715
6567
133113
30050
43345
13389
30202
6340
47151
6395
96143
6769
96064
6472
6287
24512
43974
458
43069
43983
69024
6617
7616
6572
43078
44062
100731
125975
6654
125440
95618
94526
13397
6722
43893
100724
43923
154529
59036
19019
125721
43921
43343
6290
43039
154983
96065
6539
13346
142419
155365
43631
43909
6610
99536
153921
155924
43154
80128
94553
6724
43506
13310
97851
6594
6286
6686
6444
34517
96076
43116
42267
16452
125937
6291
6436
6336
44101
41459
13462
32331
142241
96146
44091
153922
96090
488
13479
13464
153909
6743
154100
43929
6605
42066
144484
43438
34207
11566
100718
33484
6378
43924
43105
6451
96054
6530
43574
44135
6729
6479
153993
59029
43658
91
13360
42544
6790
157585
154469
100948
43110
30745
125644
13484
6494
56415
44127
43086
44041
93563
6349
45942
42703
154663
43523
33640
43590
125410
44374
42685
6259
6687
13396
64324
6505
96052
6622
6317
3510
6434
96167
126038
59038
6510
6693
3314
89313
13461
96117
31072
13332
142864
44379
155055
100953
44196
44260
100730
100687
125572
43146
44294
43131
43088
125579
43098
38591
42706
126613
42141
43999
43619
43572
43642
6329
11668
33675
154744
41605
43087
44065
42268
6248
25834
377
5845
34490
34238
14371
56367
25839
8125
1191
6075
34721
83016
34045
28582
34791
34399
34026
59193
34020
34025
33787
34659
2775
56507
1568
64328
154518
34557
20500
505
95
32790
26168
15734
11257
57488
6168
6085
34297
34514
34095
34574
3180
509
34086
33430
33570
34651
8976
39202
57543
21103
33471
34411
95178
34483
34170
10627
2839
6088
740
34322
34611
33751
25924
34273
34268
34258
114173
33679
35232
3173
36526
5862
34066
25049
56863
33807
2596
33824
26180
41366
33591
2351
37443
26196
56372
82916
18095
19950
33948
34664
33698
58837
57531
34140
33777
6065
56032
34440
120641
44487
43896
45728
37469
97792
11559
34085
11760
21020
374
5930
6068
1169
419
155032
125790
43627
154425
43587
43507
44122
96169
45458
125426
43074
13492
155182
78778
32325
6483
50077
6551
3565
6289
157582
153966
155388
155934
154142
43937
44293
96168
44993
142426
43488
44170
43482
44120
154207
43987
155343
96193
156174
43593
125821
34302
43041
100702
27726
6536
43890
44128
6544
43920
100780
142348
6498
99176
57130
155023
13482
34229
34593
5786
6499
16423
5906
101173
154466
46000
154245
13475
43912
125645
43057
43155
154561
34478
22004
604
34367
34738
5880
6092
34381
34259
6034
34111
11567
761
6100
46
11646
67
3164
392
310
250
779
406
43
53
364
315
334
11372
355
398
57
416
339
402
13626
539
303
415
353
354
8096
3162
45
300
357
10277
70
2932
9887
387
370
408
8033
236
366
39
64
3242
813
629
3938
323
318
301
73
78
3602
66
3421
3273
3946
63
8949
372
2527
404
311
565
304
3223
7864
42
6848
3935
3240
3161
51
61
255
394
350
376
3942
3393
52
5109
2743
3921
50
734
3298
3552
329
3410
21
477
8078
665
336
313
86
8032
83
223
3599
749
192
48
319
22
44
480
3958
454
11090
453
3514
3052
72
3241
504
400
75
7928
9970
41
3947
38
228
8865
9605
55
2141
3957
62
6210
2400
3243
359
4138
325
384
347
380
7921
3584
3250
320
7857
729
14141
485
12050
9612
3271
432
8121
8116
358
9663
3526
368
12345
8966
37724
11368
8330
11448
338
4163
8950
3425
9657
3989
7877
7575
10278
7090
13624
14832
530
361
714
7865
314
2363
3277
117
8793
295
4001
2606
561
3915
6859
724
396
3937
12100
82
356
369
3278
9673
9664
30607
3493
44191
96156
45938
43558
121
3923
100887
6400
100839
157417
43553
43346
154338
99763
101283
43124
96086
11671
154991
95331
6739
34158
33913
33896
1778
34108
77409
25969
3176
17628
35224
11221
1675
25889
25914
673
27693
990
42826
52329
25890
33486
16382
5908
5833
38759
5788
510
7881
8762
2297
3955
3533
3270
11331
3750
3964
3949
9606
99
3562
363
3929
667
3970
571
348
4141
34858
567
34441
41346
57895
5951
33563
33982
18334
43683
34608
34272
34290
5934
131234
6178
34736
154550
43501
43995
154049
126006
43944
101134
144449
34189
6339
97526
101026
100720
34193
41549
57800
33739
34145
309
33926
34241
43138
43102
156153
28441
6657
100771
126614
43636
125519
97049
34400
91165
100947
125539
6399
156046
6668
43898
6528
96041
6284
57651
33546
34100
34277
114162
33732
34097
34176
33803
15013
34743
5895
34205
2968
34763
16397
25820
11277
42843
53747
11213
1948
14879
15779
460
3276
11710
326
11370
12569
13549
7837
7862
3274
12901
9945
154728
149646
44153
156034
154339
44233
42761
13295
142555
6675
44045
34609
99482
44242
142303
6629
43120
7424
153989
42833
158637
95600
44158
13294
6934
41564
43675
6322
125780
45948
155018
44485
154712
155931
96884
42763
459
15931
76
12108
3415
7931
13404
13665
3933
9735
4062
11375
3275
6853
11371
37
1
4011
3936
154
1042
23
10602
4196
7873
9741
10398
7994
18161
693
627
44412
6534
45740
155408
155435
154992
44386
44123
43886
154838
43225
41519
34461
32888
34556
57121
11980
57128
95183
154085
6779
34474
5831
34754
3453
34237
1480
4149
56297
56455
34519
33542
126137
125560
8868
7872
56494
6169
42825
34591
100808
44114
100729
44161
33667
34235
43584
6416
154247
43351
124627
162440
44521
34877
44194
10728
34840
44423
99599
34489
34450
41572
6066
41542
33975
34941
155404
44176
33446
96049
6373
6467
33976
33265
34747
34742
5900
56867
25871
56430
12109
598
3535
455
395
4087
12307
12817
13340
96906
95604
10578
7880
7507
12468
11361
296
65
9683
2408
383
2342
3267
545
175
71932
59219
33482
58549
735
413
13649
582
50766
34119
113863
821
154386
33728
33882
13688
596
9654
2399
79
7938
471
154899
154510
868
6667
6355
155901
142459
156050
44049
126087
39747
32339
154001
153980
38921
6586
158570
126121
45675
126007
154248
44197
45161
13416
142380
56525
15288
154452
43113
154346
44043
43528
158567
96181
6633
155927
6794
44000
100742
45945
6575
6405
13513
13512
45420
155378
21389
159654
154106
45896
155364
125831
96116
96157
155383
6786
43453
44220
43922
44143
44296
155964
44112
6718
154246
6706
97775
153960
153958
6738
6699
6491
125752
6704
96097
33779
34505
153932
154765
5829
6471
44173
100856
154033
155929
94305
96012
258
7959
11727
12
34847
2148
14191
7870
7874
10422
1976
508
3272
33559
6281
142495
43242
34481
98666
44258
158401
6683
44169
45606
154218
156182
125677
6635
45485
125698
123776
33784
42933
32366
33844
33535
140547
57829
56468
83060
34783
5956
141352
34313
42828
100081
114429
33584
5909
10717
34403
33618
33738
25520
13466
6847
43130
99745
125725
56357
57668
13362
159294
44236
6787
6392
25916
34334
34402
25870
819
98875
84117
34362
3195
7879
631
2394
6205
2622
15861
3647
1996
59
731
739
11253
33509
11209
1614
425
203
4113
14404
4040
26087
3930
12587
204
8665
13653
47
4091
452
3216
9613
10281
8891
68
25550
7933
495
698
9864
8871
8956
13676
534
2296
8731
12280
35
306
8636
237
8951
595
10276
173
790
16794
1310
26515
7941
3265
445
401
10211
8072
227
11861
44347
134183
101054
6372
96260
31057
42841
34372
91026
41598
34947
56426
33706
2942
34059
56279
44100
6708
89272
44317
44057
101035
44193
155342
126057
13442
6569
6663
43081
44457
43894
44163
154478
125917
6795
6690
41604
56879
43600
58700
13326
40137
154764
154917
11833
35283
34562
6236
414
34696
41461
34610
34598
18037
10282
12379
362
8578
24600
43904
1361
34945
12265
2483
33782
34159
16827
17625
4256
14160
95198
41463
34129
57715
153970
126328
155379
154055
44038
33662
25987
21019
33759
34969
3386
34462
15939
4069
1866
494
2018
3606
12407
699
7998
3446
85
3922
25882
9611
8148
13018
10575
11362
702
2889
11524
12487
328
17
2402
10393
154220
101335
17950
34280
42834
13454
42932
2973
14849
12204
33510
19936
5912
674
2883
15567
2362
2087
25436
2884
365
351
84
317
26385
1658
16244
373
34820
90979
33720
12091
56472
156471
41464
33957
33470
25934
44537
163184
96050
43630
156093
43962
43623
34711
46743
226
34625
98807
56423
57686
34428
6114
35097
5979
41555
56450
31974
43370
32332
15871
526
96154
6485
153923
1911
33829
33798
33757
10623
6577
34396
33574
34366
410
33628
34179
11472
33541
34547
9812
6077
381
253
33980
34023
27537
33642
33579
57743
34544
34087
31024
9969
33789
11193
6850
33557
16987
31039
16650
33547
18580
34124
33501
26183
1097
34537
33939
25814
33990
34038
33902
349
767
58917
14416
12612
33866
34579
13640
6678
34005
34531
1544
34444
19993
322
33984
34737
6098
40
24557
409
57566
5849
19803
6093
33915
33895
33622
15848
19010
6250
607
34573
34422
19834
342
34033
5894
5865
9579
5852
34560
19581
34323
33997
33959
25837
1748
34578
33776
34615
34335
16550
19874
17770
11762
5881
34465
346
9799
34652
817
12048
448
33467
428
19320
34416
10567
25977
579
33797
16894
31
5882
33497
11998
19555
3116
34712
18006
3037
34645
11255
56362
11188
5791
34331
17538
69
11286
34759
34719
33808
56355
29567
972
33835
32367
34300
12223
33585
25906
760
5853
25888
25872
5885
5789
37868
21102
33716
18588
5827
34620
33438
19840
33625
5842
256
1030
795
11281
5810
56366
41351
34497
6118
5793
11280
34294
3987
34962
979
6180
784
25948
1538
750
34672
3083
533
11200
2989
950
5822
3214
25951
11267
34270
34131
33537
5834
6144
21630
1776
1774
4171
5968
15898
677
5977
25821
33941
24605
34506
26191
880
420
33492
5888
5784
605
3433
34674
34150
33514
5817
1990
34741
662
25861
6103
3209
34567
5928
5851
606
430
33684
34361
609
25894
5914
845
57695
26190
14176
34113
32538
1773
34380
34062
19591
34707
1002
27699
33696
5938
82912
33918
33600
31578
56837
33487
5992
11283
4260
5941
5944
5832
1073
1777
32443
5905
33773
34293
15887
3179
25978
33511
5811
5824
33734
34122
34057
33463
1938
33846
34151
5792
5897
1487
33820
34522
56844
5872
33700
3090
33952
1827
2508
3503
5796
12535
33733
33963
33552
33961
33853
34269
33366
18661
5795
33746
34289
33707
34260
33979
34183
33949
34092
35293
2892
33569
37307
5896
33839
933
3
1781
33466
426
5800
58568
34028
25899
33436
33770
57830
26170
1295
1737
568
570
34266
33695
5850
33867
34891
30757
34607
26172
56520
5948
5961
3449
34836
5947
5939
34613
5962
11328
41198
16951
34337
10625
33714
621
83078
659
33543
33936
1688
33687
34451
34760
5978
34283
33451
33581
57723
19452
57633
34103
41347
5899
39201
33688
58624
34460
56855
42850
33971
58646
1852
5991
34412
57123
25950
34271
1930
11276
34090
3208
34545
41609
34037
56375
34262
34493
37826
33890
18061
580
34391
58857
34352
34443
33763
34695
18336
90091
5808
34498
763
33837
41567
1227
56504
3412
33478
487
2398
2886
16656
34993
43547
6783
154981
43966
3889
44148
30640
56526
45923
43943
94301
32333
42651
13493
45946
6766
43949
43135
44303
13483
45699
13455
44585
101118
32326
170
45937
43942
43122
6509
43119
32334
6726
6641
153975
45511
154027
44147
6785
154627
43940
41257
126116
43891
43156
96175
13491
43059
32329
6768
6746
6267
6601
13510
6468
6351
43145
32322
6824
41612
33615
6396
43109
125828
6256
6445
3392
6304
43889
44012
13469
43352
6393
126027
6275
6457
43527
125457
6772
6519
3885
96161
41258
34546
6773
32192
125737
56463
6260
13320
42692
43895
96132
43090
125701
3877
43061
155925
42766
43533
126129
43892
44087
43097
6688
6455
43549
47161
6328
399
96092
13422
43950
125715
6567
133113
30050
43345
13389
30202
6340
47151
6395
96143
6769
96064
6472
6287
24512
43974
458
43069
43983
69024
6617
7616
6572
43078
44062
100731
125975
6654
125440
95618
94526
13397
6722
43893
100724
43923
154529
59036
19019
125721
43921
43343
6290
43039
154983
96065
6539
13346
142419
155365
43631
43909
6610
99536
153921
155924
43154
80128
94553
6724
43506
13310
97851
6594
6286
6686
6444
34517
96076
43116
42267
16452
125937
6291
6436
6336
44101
41459
13462
32331
142241
96146
44091
153922
96090
488
13479
13464
153909
6743
154100
43929
6605
42066
144484
43438
34207
11566
100718
33484
6378
43924
43105
6451
96054
6530
43574
44135
6729
6479
153993
59029
43658
91
13360
42544
6790
157585
154469
100948
43110
30745
125644
13484
6494
56415
44127
43086
44041
93563
6349
45942
42703
154663
43523
33640
43590
125410
44374
42685
6259
6687
13396
64324
6505
96052
6622
6317
3510
6434
96167
126038
59038
6510
6693
3314
89313
13461
96117
31072
13332
142864
44379
155055
100953
44196
44260
100730
100687
125572
43146
44294
43131
43088
125579
43098
38591
42706
126613
42141
43999
43619
43572
43642
6329
11668
33675
154744
41605
43087
44065
42268
6248
25834
377
5845
34490
34238
14371
56367
25839
8125
1191
6075
34721
83016
34045
28582
34791
34399
34026
59193
34020
34025
33787
34659
2775
56507
1568
64328
154518
34557
20500
505
95
32790
26168
15734
11257
57488
6168
6085
34297
34514
34095
34574
3180
509
34086
33430
33570
34651
8976
39202
57543
21103
33471
34411
95178
34483
34170
10627
2839
6088
740
34322
34611
33751
25924
34273
34268
34258
114173
33679
35232
3173
36526
5862
34066
25049
56863
33807
2596
33824
26180
41366
33591
2351
37443
26196
56372
82916
18095
19950
33948
34664
33698
58837
57531
34140
33777
6065
56032
34440
120641
44487
43896
45728
37469
97792
11559
34085
11760
21020
374
5930
6068
1169
419
155032
125790
43627
154425
43587
43507
44122
96169
45458
125426
43074
13492
155182
78778
32325
6483
50077
6551
3565
6289
157582
153966
155388
155934
154142
43937
44293
96168
44993
142426
43488
44170
43482
44120
154207
43987
155343
96193
156174
43593
125821
34302
43041
100702
27726
6536
43890
44128
6544
43920
100780
142348
6498
99176
57130
155023
13482
34229
34593
5786
6499
16423
5906
101173
154466
46000
154245
13475
43912
125645
43057
43155
154561
34478
22004
604
34367
34738
5880
6092
34381
34259
6034
34111
11567
761
6100
46
11646
67
3164
392
310
250
779
406
43
53
364
315
334
11372
355
398
57
416
339
402
13626
539
303
415
353
354
8096
3162
45
300
357
10277
70
2932
9887
387
370
408
8033
236
366
39
64
3242
813
629
3938
323
318
301
73
78
3602
66
3421
3273
3946
63
8949
372
2527
404
311
565
304
3223
7864
42
6848
3935
3240
3161
51
61
255
394
350
376
3942
3393
52
5109
2743
3921
50
734
3298
3552
329
3410
21
477
8078
665
336
313
86
8032
83
223
3599
749
192
48
319
22
44
480
3958
454
11090
453
3514
3052
72
3241
504
400
75
7928
9970
41
3947
38
228
8865
9605
55
2141
3957
62
6210
2400
3243
359
4138
325
384
347
380
7921
3584
3250
320
7857
729
14141
485
12050
9612
3271
432
8121
8116
358
9663
3526
368
12345
8966
37724
11368
8330
11448
338
4163
8950
3425
9657
3989
7877
7575
10278
7090
13624
14832
530
361
714
7865
314
2363
3277
117
8793
295
4001
2606
561
3915
6859
724
396
3937
12100
82
356
369
3278
9673
9664
30607
3493
44191
96156
45938
43558
121
3923
100887
6400
100839
157417
43553
43346
154338
99763
101283
43124
96086
11671
154991
95331
6739
34158
33913
33896
1778
34108
77409
25969
3176
17628
35224
11221
1675
25889
25914
673
27693
990
42826
52329
25890
33486
16382
5908
5833
38759
5788
510
7881
8762
2297
3955
3533
3270
11331
3750
3964
3949
9606
99
3562
363
3929
667
3970
571
348
4141
34858
567
34441
41346
57895
5951
33563
33982
18334
43683
34608
34272
34290
5934
131234
6178
34736
154550
43501
43995
154049
126006
43944
101134
144449
34189
6339
97526
101026
100720
34193
41549
57800
33739
34145
309
33926
34241
43138
43102
156153
28441
6657
100771
126614
43636
125519
97049
34400
91165
100947
125539
6399
156046
6668
43898
6528
96041
6284
57651
33546
34100
34277
114162
33732
34097
34176
33803
15013
34743
5895
34205
2968
34763
16397
25820
11277
42843
53747
11213
1948
14879
15779
460
3276
11710
326
11370
12569
13549
7837
7862
3274
12901
9945
154728
149646
44153
156034
154339
44233
42761
13295
142555
6675
44045
34609
99482
44242
142303
6629
43120
7424
153989
42833
158637
95600
44158
13294
6934
41564
43675
6322
125780
45948
155018
44485
154712
155931
96884
42763
459
15931
76
12108
3415
7931
13404
13665
3933
9735
4062
11375
3275
6853
11371
37
1
4011
3936
154
1042
23
10602
4196
7873
9741
10398
7994
18161
693
627
44412
6534
45740
155408
155435
154992
44386
44123
43886
154838
43225
41519
34461
32888
34556
57121
11980
57128
95183
154085
6779
34474
5831
34754
3453
34237
1480
4149
56297
56455
34519
33542
126137
125560
8868
7872
56494
6169
42825
34591
100808
44114
100729
44161
33667
34235
43584
6416
154247
43351
124627
162440
44521
34877
44194
10728
34840
44423
99599
34489
34450
41572
6066
41542
33975
34941
155404
44176
33446
96049
6373
6467
33976
33265
34747
34742
5900
56867
25871
56430
12109
598
3535
455
395
4087
12307
12817
13340
96906
95604
10578
7880
7507
12468
11361
296
65
9683
2408
383
2342
3267
545
175
71932
59219
33482
58549
735
413
13649
582
50766
34119
113863
821
154386
33728
33882
13688
596
9654
2399
79
7938
471
154899
154510
868
6667
6355
155901
142459
156050
44049
126087
39747
32339
154001
153980
38921
6586
158570
126121
45675
126007
154248
44197
45161
13416
142380
56525
15288
154452
43113
154346
44043
43528
158567
96181
6633
155927
6794
44000
100742
45945
6575
6405
13513
13512
45420
155378
21389
159654
154106
45896
155364
125831
96116
96157
155383
6786
43453
44220
43922
44143
44296
155964
44112
6718
154246
6706
97775
153960
153958
6738
6699
6491
125752
6704
96097
33779
34505
153932
154765
5829
6471
44173
100856
154033
155929
94305
96012
258
7959
11727
12
34847
2148
14191
7870
7874
10422
1976
508
3272
33559
6281
142495
43242
34481
98666
44258
158401
6683
44169
45606
154218
156182
125677
6635
45485
125698
123776
33784
42933
32366
33844
33535
140547
57829
56468
83060
34783
5956
141352
34313
42828
100081
114429
33584
5909
10717
34403
33618
33738
25520
13466
6847
43130
99745
125725
56357
57668
13362
159294
44236
6787
6392
25916
34334
34402
25870
819
98875
84117
34362
3195
7879
631
2394
6205
2622
15861
3647
1996
59
731
739
11253
33509
11209
1614
425
203
4113
14404
4040
26087
3930
12587
204
8665
13653
47
4091
452
3216
9613
10281
8891
68
25550
7933
495
698
9864
8871
8956
13676
534
2296
8731
12280
35
306
8636
237
8951
595
10276
173
790
16794
1310
26515
7941
3265
445
401
10211
8072
227
11861
44347
134183
101054
6372
96260
31057
42841
34372
91026
41598
34947
56426
33706
2942
34059
56279
44100
6708
89272
44317
44057
101035
44193
155342
126057
13442
6569
6663
43081
44457
43894
44163
154478
125917
6795
6690
41604
56879
43600
58700
13326
40137
154764
154917
11833
35283
34562
6236
414
34696
41461
34610
34598
18037
10282
12379
362
8578
24600
43904
1361
34945
12265
2483
33782
34159
16827
17625
4256
14160
95198
41463
34129
57715
153970
126328
155379
154055
44038
33662
25987
21019
33759
34969
3386
34462
15939
4069
1866
494
2018
3606
12407
699
7998
3446
85
3922
25882
9611
8148
13018
10575
11362
702
2889
11524
12487
328
17
2402
10393
154220
101335
17950
34280
42834
13454
42932
2973
14849
12204
33510
19936
5912
674
2883
15567
2362
2087
25436
2884
365
351
84
317
26385
1658
16244
373
34820
90979
33720
12091
56472
156471
41464
33957
33470
25934
44537
163184
96050
43630
156093
43962
43623
34711
46743
226
34625
98807
56423
57686
34428
6114
35097
5979
41555
56450
31974
43370
32332
15871
526
96154
6485
153923
115
3277
10141
3325
4298
3447
13928
10151
13931
11713
13933
12853
13935
12854
13936
13937
13938
13939
13940
13942
13949
13950
13951
13952
13953
13954
13956
13960
13963
13964
13965
13966
13967
13969
13970
13972
13973
13974
13976
13977
13979
13980
13981
13984
13985
13986
13987
13988
13989
13990
13991
13992
13993
13994
13995
13996
13997
13998
13999
14000
14001
14002
14003
14004
14005
14006
14047
14007
14009
14008
14010
14012
14011
14013
14014
14016
14015
14017
14018
14019
14020
14021
14022
14023
14024
14025
14026
14027
14028
14029
14030
14031
14032
14033
14035
14034
14036
14037
14039
14038
14041
14040
14042
14043
14044
14046
14045
14048
14051
14050
14052
14053
14054
14055
14056
14057
1
966
48
48
15
104
38
7
70
17
43
31
32
28
21
102
2
1
41
25
51
50
44
18
12
3
9
59
14
24
36
87
37
103
66
75
68
27
34
54
72
105
23
19
26
80
76
13
88
106
35
1
966
46
299
293
292
289
291
286
284
283
296
282
302
280
288
278
279
276
290
275
294
274
300
271
295
269
301
267
285
266
265
273
264
297
263
277
262
303
159
261
103
100
101
77
259
72
270
260
115
3277
10141
3325
4298
3447
13928
10151
13931
11713
13933
12853
13935
12854
13936
13937
13938
13939
13940
13942
13949
13950
13951
13952
13953
13954
13956
13960
13963
13964
13965
13966
13967
13969
13970
13972
13973
13974
13976
13977
13979
13980
13981
13984
13985
13986
13987
13988
13989
13990
13991
13992
13993
13994
13995
13996
13997
13998
13999
14000
14001
14002
14003
14004
14005
14006
14047
14007
14009
14008
14010
14012
14011
14013
14014
14016
14015
14017
14018
14019
14020
14021
14022
14023
14024
14025
14026
14027
14028
14029
14030
14031
14032
14033
14035
14034
14036
14037
14039
14038
14041
14040
14042
14043
14044
14046
14045
14048
14051
14050
14052
14053
14054
14055
14056
14057
1911
33829
33798
33757
10623
6577
34396
33574
34366
410
33628
34179
11472
33541
34547
9812
6077
381
253
33980
34023
27537
33642
33579
57743
34544
34087
31024
9969
33789
11193
6850
33557
16987
31039
16650
33547
18580
34124
33501
26183
1097
34537
33939
25814
33990
34038
33902
349
767
58917
14416
12612
33866
34579
13640
6678
34005
34531
1544
34444
19993
322
33984
34737
6098
40
24557
409
57566
5849
19803
6093
33915
33895
33622
15848
19010
6250
607
34573
34422
19834
342
34033
5894
5865
9579
5852
34560
19581
34323
33997
33959
25837
1748
34578
33776
34615
34335
16550
19874
17770
11762
5881
34465
346
9799
34652
817
12048
448
33467
428
19320
34416
10567
25977
579
33797
16894
31
5882
33497
11998
19555
3116
34712
18006
3037
34645
11255
56362
11188
5791
34331
17538
69
11286
34759
34719
33808
56355
29567
972
33835
32367
34300
12223
33585
25906
760
5853
25888
25872
5885
5789
37868
21102
33716
18588
5827
34620
33438
19840
33625
5842
256
1030
795
11281
5810
56366
41351
34497
6118
5793
11280
34294
3987
34962
979
6180
784
25948
1538
750
34672
3083
533
11200
2989
950
5822
3214
25951
11267
34270
34131
33537
5834
6144
21630
1776
1774
4171
5968
15898
677
5977
25821
33941
24605
34506
26191
880
420
33492
5888
5784
605
3433
34674
34150
33514
5817
1990
34741
662
25861
6103
3209
34567
5928
5851
606
430
33684
34361
609
25894
5914
845
57695
26190
14176
34113
32538
1773
34380
34062
19591
34707
1002
27699
33696
5938
82912
33918
33600
31578
56837
33487
5992
11283
4260
5941
5944
5832
1073
1777
32443
5905
33773
34293
15887
3179
25978
33511
5811
5824
33734
34122
34057
33463
1938
33846
34151
5792
5897
1487
33820
34522
56844
5872
33700
3090
33952
1827
2508
3503
5796
12535
33733
33963
33552
33961
33853
34269
33366
18661
5795
33746
34289
33707
34260
33979
34183
33949
34092
35293
2892
33569
37307
5896
33839
933
3
1781
33466
426
5800
58568
34028
25899
33436
33770
57830
26170
1295
1737
568
570
34266
33695
5850
33867
34891
30757
34607
26172
56520
5948
5961
3449
34836
5947
5939
34613
5962
11328
41198
16951
34337
10625
33714
621
83078
659
33543
33936
1688
33687
34451
34760
5978
34283
33451
33581
57723
19452
57633
34103
41347
5899
39201
33688
58624
34460
56855
42850
33971
58646
1852
5991
34412
57123
25950
34271
1930
11276
34090
3208
34545
41609
34037
56375
34262
34493
37826
33890
18061
580
34391
58857
34352
34443
33763
34695
18336
90091
5808
34498
763
33837
41567
1227
56504
3412
33478
487
2398
2886
16656
34993
43547
6783
154981
43966
3889
44148
30640
56526
45923
43943
94301
32333
42651
13493
45946
6766
43949
43135
44303
13483
45699
13455
44585
101118
32326
170
45937
43942
43122
6509
43119
32334
6726
6641
153975
45511
154027
44147
6785
154627
43940
41257
126116
43891
43156
96175
13491
43059
32329
6768
6746
6267
6601
13510
6468
6351
43145
32322
6824
41612
33615
6396
43109
125828
6256
6445
3392
6304
43889
44012
13469
43352
6393
126027
6275
6457
43527
125457
6772
6519
3885
96161
41258
34546
6773
32192
125737
56463
6260
13320
42692
43895
96132
43090
125701
3877
43061
155925
42766
43533
126129
43892
44087
43097
6688
6455
43549
47161
6328
399
96092
13422
43950
125715
6567
133113
30050
43345
13389
30202
6340
47151
6395
96143
6769
96064
6472
6287
24512
43974
458
43069
43983
69024
6617
7616
6572
43078
44062
100731
125975
6654
125440
95618
94526
13397
6722
43893
100724
43923
154529
59036
19019
125721
43921
43343
6290
43039
154983
96065
6539
13346
142419
155365
43631
43909
6610
99536
153921
155924
43154
80128
94553
6724
43506
13310
97851
6594
6286
6686
6444
34517
96076
43116
42267
16452
125937
6291
6436
6336
44101
41459
13462
32331
142241
96146
44091
153922
96090
488
13479
13464
153909
6743
154100
43929
6605
42066
144484
43438
34207
11566
100718
33484
6378
43924
43105
6451
96054
6530
43574
44135
6729
6479
153993
59029
43658
91
13360
42544
6790
157585
154469
100948
43110
30745
125644
13484
6494
56415
44127
43086
44041
93563
6349
45942
42703
154663
43523
33640
43590
125410
44374
42685
6259
6687
13396
64324
6505
96052
6622
6317
3510
6434
96167
126038
59038
6510
6693
3314
89313
13461
96117
31072
13332
142864
44379
155055
100953
44196
44260
100730
100687
125572
43146
44294
43131
43088
125579
43098
38591
42706
126613
42141
43999
43619
43572
43642
6329
11668
33675
154744
41605
43087
44065
42268
6248
25834
377
5845
34490
34238
14371
56367
25839
8125
1191
6075
34721
83016
34045
28582
34791
34399
34026
59193
34020
34025
33787
34659
2775
56507
1568
64328
154518
34557
20500
505
95
32790
26168
15734
11257
57488
6168
6085
34297
34514
34095
34574
3180
509
34086
33430
33570
34651
8976
39202
57543
21103
33471
34411
95178
34483
34170
10627
2839
6088
740
34322
34611
33751
25924
34273
34268
34258
114173
33679
35232
3173
36526
5862
34066
25049
56863
33807
2596
33824
26180
41366
33591
2351
37443
26196
56372
82916
18095
19950
33948
34664
33698
58837
57531
34140
33777
6065
56032
34440
120641
44487
43896
45728
37469
97792
11559
34085
11760
21020
374
5930
6068
1169
419
155032
125790
43627
154425
43587
43507
44122
96169
45458
125426
43074
13492
155182
78778
32325
6483
50077
6551
3565
6289
157582
153966
155388
155934
154142
43937
44293
96168
44993
142426
43488
44170
43482
44120
154207
43987
155343
96193
156174
43593
125821
34302
43041
100702
27726
6536
43890
44128
6544
43920
100780
142348
6498
99176
57130
155023
13482
34229
34593
5786
6499
16423
5906
101173
154466
46000
154245
13475
43912
125645
43057
43155
154561
34478
22004
604
34367
34738
5880
6092
34381
34259
6034
34111
11567
761
6100
46
11646
67
3164
392
310
250
779
406
43
53
364
315
334
11372
355
398
57
416
339
402
13626
539
303
415
353
354
8096
3162
45
300
357
10277
70
2932
9887
387
370
408
8033
236
366
39
64
3242
813
629
3938
323
318
301
73
78
3602
66
3421
3273
3946
63
8949
372
2527
404
311
565
304
3223
7864
42
6848
3935
3240
3161
51
61
255
394
350
376
3942
3393
52
5109
2743
3921
50
734
3298
3552
329
3410
21
477
8078
665
336
313
86
8032
83
223
3599
749
192
48
319
22
44
480
3958
454
11090
453
3514
3052
72
3241
504
400
75
7928
9970
41
3947
38
228
8865
9605
55
2141
3957
62
6210
2400
3243
359
4138
325
384
347
380
7921
3584
3250
320
7857
729
14141
485
12050
9612
3271
432
8121
8116
358
9663
3526
368
12345
8966
37724
11368
8330
11448
338
4163
8950
3425
9657
3989
7877
7575
10278
7090
13624
14832
530
361
714
7865
314
2363
3277
117
8793
295
4001
2606
561
3915
6859
724
396
3937
12100
82
356
369
3278
9673
9664
30607
3493
44191
96156
45938
43558
121
3923
100887
6400
100839
157417
43553
43346
154338
99763
101283
43124
96086
11671
154991
95331
6739
34158
33913
33896
1778
34108
77409
25969
3176
17628
35224
11221
1675
25889
25914
673
27693
990
42826
52329
25890
33486
16382
5908
5833
38759
5788
510
7881
8762
2297
3955
3533
3270
11331
3750
3964
3949
9606
99
3562
363
3929
667
3970
571
348
4141
34858
567
34441
41346
57895
5951
33563
33982
18334
43683
34608
34272
34290
5934
131234
6178
34736
154550
43501
43995
154049
126006
43944
101134
144449
34189
6339
97526
101026
100720
34193
41549
57800
33739
34145
309
33926
34241
43138
43102
156153
28441
6657
100771
126614
43636
125519
97049
34400
91165
100947
125539
6399
156046
6668
43898
6528
96041
6284
57651
33546
34100
34277
114162
33732
34097
34176
33803
15013
34743
5895
34205
2968
34763
16397
25820
11277
42843
53747
11213
1948
14879
15779
460
3276
11710
326
11370
12569
13549
7837
7862
3274
12901
9945
154728
149646
44153
156034
154339
44233
42761
13295
142555
6675
44045
34609
99482
44242
142303
6629
43120
7424
153989
42833
158637
95600
44158
13294
6934
41564
43675
6322
125780
45948
155018
44485
154712
155931
96884
42763
459
15931
76
12108
3415
7931
13404
13665
3933
9735
4062
11375
3275
6853
11371
37
1
4011
3936
154
1042
23
10602
4196
7873
9741
10398
7994
18161
693
627
44412
6534
45740
155408
155435
154992
44386
44123
43886
154838
43225
41519
34461
32888
34556
57121
11980
57128
95183
154085
6779
34474
5831
34754
3453
34237
1480
4149
56297
56455
34519
33542
126137
125560
8868
7872
56494
6169
42825
34591
100808
44114
100729
44161
33667
34235
43584
6416
154247
43351
124627
162440
44521
34877
44194
10728
34840
44423
99599
34489
34450
41572
6066
41542
33975
34941
155404
44176
33446
96049
6373
6467
33976
33265
34747
34742
5900
56867
25871
56430
12109
598
3535
455
395
4087
12307
12817
13340
96906
95604
10578
7880
7507
12468
11361
296
65
9683
2408
383
2342
3267
545
175
71932
59219
33482
58549
735
413
13649
582
50766
34119
113863
821
154386
33728
33882
13688
596
9654
2399
79
7938
471
154899
154510
868
6667
6355
155901
142459
156050
44049
126087
39747
32339
154001
153980
38921
6586
158570
126121
45675
126007
154248
44197
45161
13416
142380
56525
15288
154452
43113
154346
44043
43528
158567
96181
6633
155927
6794
44000
100742
45945
6575
6405
13513
13512
45420
155378
21389
159654
154106
45896
155364
125831
96116
96157
155383
6786
43453
44220
43922
44143
44296
155964
44112
6718
154246
6706
97775
153960
153958
6738
6699
6491
125752
6704
96097
33779
34505
153932
154765
5829
6471
44173
100856
154033
155929
94305
96012
258
7959
11727
12
34847
2148
14191
7870
7874
10422
1976
508
3272
33559
6281
142495
43242
34481
98666
44258
158401
6683
44169
45606
154218
156182
125677
6635
45485
125698
123776
33784
42933
32366
33844
33535
140547
57829
56468
83060
34783
5956
141352
34313
42828
100081
114429
33584
5909
10717
34403
33618
33738
25520
13466
6847
43130
99745
125725
56357
57668
13362
159294
44236
6787
6392
25916
34334
34402
25870
819
98875
84117
34362
3195
7879
631
2394
6205
2622
15861
3647
1996
59
731
739
11253
33509
11209
1614
425
203
4113
14404
4040
26087
3930
12587
204
8665
13653
47
4091
452
3216
9613
10281
8891
68
25550
7933
495
698
9864
8871
8956
13676
534
2296
8731
12280
35
306
8636
237
8951
595
10276
173
790
16794
1310
26515
7941
3265
445
401
10211
8072
227
11861
44347
134183
101054
6372
96260
31057
42841
34372
91026
41598
34947
56426
33706
2942
34059
56279
44100
6708
89272
44317
44057
101035
44193
155342
126057
13442
6569
6663
43081
44457
43894
44163
154478
125917
6795
6690
41604
56879
43600
58700
13326
40137
154764
154917
11833
35283
34562
6236
414
34696
41461
34610
34598
18037
10282
12379
362
8578
24600
43904
1361
34945
12265
2483
33782
34159
16827
17625
4256
14160
95198
41463
34129
57715
153970
126328
155379
154055
44038
33662
25987
21019
33759
34969
3386
34462
15939
4069
1866
494
2018
3606
12407
699
7998
3446
85
3922
25882
9611
8148
13018
10575
11362
702
2889
11524
12487
328
17
2402
10393
154220
101335
17950
34280
42834
13454
42932
2973
14849
12204
33510
19936
5912
674
2883
15567
2362
2087
25436
2884
365
351
84
317
26385
1658
16244
373
34820
90979
33720
12091
56472
156471
41464
33957
33470
25934
44537
163184
96050
43630
156093
43962
43623
34711
46743
226
34625
98807
56423
57686
34428
6114
35097
5979
41555
56450
31974
43370
32332
15871
526
96154
6485
153923
20
29
24
51
45
18
21
43
37
33
14
16
38
52
40
15
36
59
8
20
50
202
3478
3457
3456
3449
3445
3443
3441
3439
3438
3433
3431
3429
3423
3411
3407
3398
3397
3382
3370
3360
3338
3310
3299
3296
3283
3268
3264
3253
3252
3242
3238
3222
3209
3200
3178
3175
3165
3159
3157
3146
3142
3135
3133
3125
3110
3106
3103
3101
3097
3096
3094
3091
3084
3080
3079
3068
3058
3053
3044
3024
3002
2993
2976
2966
2964
2962
2145
2944
352
3351
3336
3273
3236
3197
3071
3066
3051
3048
2994
2167
3376
3365
3250
3169
3032
2995
3461
3408
3295
3270
3235
2984
3260
3241
3221
2980
3418
3401
3104
3018
3234
3203
2954
3467
3406
3265
3184
3112
2154
3136
3034
3025
3326
3477
3305
3054
3437
3256
2989
3451
3141
2945
3290
3213
3367
3087
3029
3315
3007
3312
3294
3220
3247
3201
3073
3062
3276
3187
1490
3341
3095
2996
3090
3391
3152
3399
3030
3395
3065
3004
3354
3377
3047
3155
3340
2224
3362
3085
3191
3057
3420
3239
3472
3455
3173
3403
3353
2970
3237
3120
3302
3035
3063
2951
3369
3424
3346
3219
3076
3462
3400
3410
3358
2126
3386
3153
3419
3214
3045
3041
3432
3150
3130
3402
3281
3119
3337
3293
2977
3251
2999
3364
555
3631
3848
2582
2931
1664
2896
189
2373
1957
2363
1792
4060
330
7256
2370
2371
1420
1168
1166
3980
319
2890
1809
4949
144
3630
3626
2284
1372
1271
197
3625
4931
4916
2293
468
245
2298
4242
7264
2887
5078
1409
1313
4926
467
95
148
1272
4919
1417
6504
1407
2359
96
2888
1301
1284
505
4347
4921
1906
1643
1359
238
2389
4918
103
7101
5410
2297
1100
1889
2396
1287
322
470
5067
711
3628
1331
208
405
4920
188
498
1388
79
3072
746
2893
1174
5059
97
2579
4312
1346
320
1358
2885
481
77
2502
520
315
463
1213
78
1336
705
1354
193
1060
1283
325
440
393
1288
165
85
102
241
182
459
308
137
185
56
75
480
708
1289
1042
490
1077
450
204
247
202
985
679
471
451
192
673
411
983
443
183
1167
1362
324
84
430
186
444
469
403
474
73
1065
143
1079
135
306
312
1172
515
1364
1370
1171
3060
1523
1302
1268
1277
1055
3655
448
1041
1089
91
1066
1361
89
685
504
477
1280
1068
1266
145
1279
1306
310
1349
659
112
645
668
80
479
681
392
81
648
1273
651
1265
644
1823
636
647
456
680
638
686
654
635
1366
1040
1182
1072
734
441
1385
2587
494
4408
687
1264
187
639
667
727
670
181
655
642
323
682
478
1314
203
718
191
658
184
1395
87
715
816
92
1297
449
653
1342
771
1367
675
696
663
1282
93
674
683
666
1294
1323
692
740
690
664
446
3053
660
691
665
1267
1064
1330
672
1067
5057
1324
2361
1328
4400
652
1035
1338
1334
1101
1333
452
1056
1839
1278
466
2419
2412
2119
1875
244
4925
1406
500
242
71
1357
693
4391
728
105
246
5060
731
1439
82
1099
2397
107
1369
814
722
695
973
656
304
226
1970
1665
741
90
707
1090
701
1898
428
309
688
643
766
719
1296
700
4915
1303
1191
842
649
694
709
803
748
1894
5418
982
3989
201
1363
1092
1482
240
1455
1175
462
1728
3651
3995
356
316
3641
3985
517
177
4936
8814
8872
1691
2585
8883
1438
3050
1958
743
713
758
1867
724
625
338
4922
3639
27
2391
88
317
173
678
99
641
755
757
8877
7184
4928
4935
725
721
2357
991
453
195
313
501
3874
4311
2588
7240
196
712
1046
511
1029
3869
989
378
971
6806
1696
3875
1885
1327
714
5402
993
2407
1070
1386
5441
5420
754
7132
6503
2586
3849
7102
6859
730
1085
657
5095
1326
1377
1340
823
4927
5077
1308
772
5422
472
774
779
716
1408
3644
759
514
764
4947
4360
749
677
770
805
671
1312
729
781
5426
661
835
800
212
200
3981
1421
8965
396
225
3523
5087
5076
7133
8879
4933
1900
1198
6974
1425
4379
2366
4937
8800
3990
2892
8873
8813
1315
3118
1702
4830
3643
5485
2135
4950
1956
4917
553
5062
175
426
1347
439
768
139
4248
138
206
412
54
236
1403
676
4362
2602
778
699
1391
1305
5471
475
83
243
1672
981
331
53
1589
166
46
2380
4243
115
109
105
103
45
37
33
25
1
89
88
53
114
110
83
73
67
46
49
84
107
81
98
102
52
40
74
72
10
5
3
2
13
106
60
15
100
64
47
32
39
6
7
111
77
21
68
108
51
22
78
8
9
104
41
23
16
4
0
93
82
80
101
94
79
55
30
29
19
35
90
50
11
69
24
28
31
99
71
54
34
61
18
38
14
85
26
12
43
70
62
95
27
56
87
17
65
113
20
76
96
92
91
48
86
66
44
75
57
112
36
58
97
59
63
42
18
33
8
30
32
31
28
2
0
19
1
13
3
23
27
25
24
7
29
23
66
65
64
63
62
61
60
59
58
48
57
55
11
27
25
71
70
69
68
41
76
75
24
112
753
643
569
725
201
362
143
179
54
188
459
98
491
117
492
675
565
71
614
728
488
546
416
386
154
13
346
393
149
511
534
453
663
641
668
467
640
287
562
466
523
617
440
590
584
74
39
755
296
404
433
171
55
494
30
674
686
603
482
190
322
166
471
45
479
217
460
611
573
388
88
633
464
622
578
560
300
711
430
468
34
100
649
698
23
22
398
12
740
186
153
218
325
209
726
15
89
228
223
576
17
108
558
513
476
1050
258
101
754
237
559
139
58
14
12
11
9
8
3
26
24
47
45
40
27
41
54
23
33
10
39
38
37
35
13
20
84
82
75
74
72
73
30
76
66
86
71
83
79
100
99
31
91
70
90
89
88
98
87
78
53
44
36
34
32
21
17
42
93
77
49
16
4376
4374
4352
4392
4384
4401
4408
4381
4402
4398
4347
4332
4413
4344
4385
4335
6
172434
172420
172436
172435
184013
172433
Test dataset: datasets/adjnoun.txt
I/O finishes: 0
0, 4.77777777778
Time: 0
1, 4.77777777778
Time: 0
2, 4.77777777778
Time: 0
3, 4.77777777778
Time: 0
4, 4.77777777778
Time: 0
5, 4.77777777778
Time: 0
6, 4.77777777778
Time: 0
7, 4.77777777778
Time: 0
8, 4.79166666667
Time: 0
9, 4.79166666667
Time: 0
Improvement over greedy: 0.00290697673336
Test dataset: datasets/roadNet-CA.txt
I/O finishes: 0.14
0, 1.69735705649
Time: 0.561999976635
1, 1.7881773399
Time: 0.967999994755
2, 1.7881773399
Time: 1.38999998569
3, 1.88888888889
Time: 1.84399998188
4, 1.88888888889
Time: 2.29600000381
5, 1.91176470588
Time: 2.78099989891
6, 1.91176470588
Time: 3.26600003242
7, 1.91176470588
Time: 3.74900007248
8, 1.91176470588
Time: 4.20300006866
9, 1.91176470588
Time: 4.68800020218
Improvement over greedy: 0.126318529248
Test dataset: datasets/roadNet-CA.txt
I/O finishes: 0.141
0, 1.69735705649
Time: 0.60900002718
1, 1.7881773399
Time: 0.967999994755
2, 1.7881773399
Time: 1.35899996758
3, 1.88888888889
Time: 1.78100001812
4, 1.88888888889
Time: 2.17100000381
5, 1.91176470588
Time: 2.59400010109
6, 1.91176470588
Time: 3
7, 1.91176470588
Time: 3.42100000381
8, 1.91176470588
Time: 3.90599989891
9, 1.91176470588
Time: 4.375
Improvement over greedy: 0.126318529248
Test dataset: datasets/roadNet-CA.txt
I/O finishes: 0.124
0, 1.69735705649
Time: 0.52999997139
1, 1.7881773399
Time: 0.93599998951
2, 1.7881773399
Time: 1.35800004005
3, 1.88888888889
Time: 1.79600000381
4, 1.88888888889
Time: 2.24900007248
5, 1.91176470588
Time: 2.70199990273
6, 1.91176470588
Time: 3.18700003624
7, 1.91176470588
Time: 3.67100000381
8, 1.91176470588
Time: 4.13999986649
9, 1.91176470588
Time: 4.63999986649
Improvement over greedy: 0.126318529248
38
9537
9547
9556
9544
9522
9542
9484
9480
9253
9475
9248
9476
9486
9529
9531
9555
9554
9485
9473
9501
9474
9497
9249
9471
9470
9498
9472
9500
9499
9551
9530
9538
9532
9540
9543
9535
9534
9533
38
9537
9547
9556
9544
9522
9542
9484
9480
9253
9475
9248
9476
9486
9529
9531
9555
9554
9485
9473
9501
9474
9497
9249
9471
9470
9498
9472
9500
9499
9551
9530
9538
9532
9540
9543
9535
9534
9533
Test dataset: datasets/roadNet-CA.txt
I/O finishes: 0.141
0, 1.69735705649
Time: 0.532000005245
1, 1.78313253012
Time: 0.95300000906
2, 1.78313253012
Time: 1.34399998188
3, 1.78313253012
Time: 1.78100001812
4, 1.78313253012
Time: 2.21900010109
5, 1.89189189189
Time: 2.72000002861
6, 1.89189189189
Time: 3.21900010109
7, 1.89189189189
Time: 3.71900010109
8, 1.89189189189
Time: 4.20399999619
9, 1.89189189189
Time: 4.68800020218
Improvement over greedy: 0.114610441029
12
44
0
29
25
34
27
38
16
19
40
14
24
12
44
0
29
25
34
27
38
16
19
40
14
24
41
22
5
56
57
45
41
4
1
29
38
42
72
64
68
39
61
12
7
37
59
23
9
25
13
0
74
28
36
51
73
21
17
47
24
26
11
70
14
19
60
48
41
22
5
56
57
45
41
4
1
29
38
42
72
64
68
39
61
12
7
37
59
23
9
25
13
0
74
28
36
51
73
21
17
47
24
26
11
70
14
19
60
48
38
9537
9547
9556
9544
9522
9542
9484
9480
9253
9475
9248
9476
9486
9529
9531
9555
9554
9485
9473
9501
9474
9497
9249
9471
9470
9498
9472
9500
9499
9551
9530
9538
9532
9540
9543
9535
9534
9533
38
9537
9547
9556
9544
9522
9542
9484
9480
9253
9475
9248
9476
9486
9529
9531
9555
9554
9485
9473
9501
9474
9497
9249
9471
9470
9498
9472
9500
9499
9551
9530
9538
9532
9540
9543
9535
9534
9533
38
9537
9547
9556
9544
9522
9542
9484
9480
9253
9475
9248
9476
9486
9529
9531
9555
9554
9485
9473
9501
9474
9497
9249
9471
9470
9498
9472
9500
9499
9551
9530
9538
9532
9540
9543
9535
9534
9533
38
9537
9547
9556
9544
9522
9542
9484
9480
9253
9475
9248
9476
9486
9529
9531
9555
9554
9485
9473
9501
9474
9497
9249
9471
9470
9498
9472
9500
9499
9551
9530
9538
9532
9540
9543
9535
9534
9533
4
2
1
0
3
0
10
9
8
7
4
2
6
5
3
0
1
20
19
13
8
9
7
5
6
16
18
3
12
2
10
15
0
14
4
11
17
1
97
69
41
32
3
59
54
27
39
31
77
65
36
62
26
85
86
82
66
70
55
89
34
88
5
67
24
9
29
8
40
74
73
49
28
50
76
99
10
80
42
98
43
16
35
57
95
51
25
87
72
0
15
60
33
2
93
64
81
58
14
46
78
7
68
20
23
47
21
96
75
37
52
48
6
63
30
90
71
97
19
22
44
92
83
17
91
11
61
38
84
12
79
45
53
13
18
1
38
9537
9547
9556
9544
9522
9542
9484
9480
9253
9475
9248
9476
9486
9529
9531
9555
9554
9485
9473
9501
9474
9497
9249
9471
9470
9498
9472
9500
9499
9551
9530
9538
9532
9540
9543
9535
9534
9533
38
9537
9547
9556
9544
9522
9542
9484
9480
9253
9475
9248
9476
9486
9529
9531
9555
9554
9485
9473
9501
9474
9497
9249
9471
9470
9498
9472
9500
9499
9551
9530
9538
9532
9540
9543
9535
9534
9533
17
18
16
7
1
9
3
14
0
10
4
11
6
17
5
13
12
15
28
20
18
13
7
6
24
27
23
22
12
2
4
0
8
25
10
21
26
9
3
15
14
29
19
17
28
11
1
7
33
21
10
25
34
53
28
7
33
21
10
25
34
53
28
38
9537
9547
9556
9544
9522
9542
9484
9480
9253
9475
9248
9476
9486
9529
9531
9555
9554
9485
9473
9501
9474
9497
9249
9471
9470
9498
9472
9500
9499
9551
9530
9538
9532
9540
9543
9535
9534
9533
